>> x=[10,31,2,8,96]
x =

   10   31    2    8   96

>> y=22
y = 22
>> c=x/y
c =

   0.454545   1.409091   0.090909   0.363636   4.363636

>> d=c+x
d =

    10.4545    32.4091     2.0909     8.3636   100.3636

>> e=d+y
e =

    32.455    54.409    24.091    30.364   122.364

>> g=x.^^3
error: parse error:

  syntax error

>>> g=x.^^3
         ^
>> g=x.^3
g =

     1000    29791        8      512   884736

>> >> X2=22
X2 = 22
>> X=[10,31,2,8,96]
X =

   10   31    2    8   96

>> Task1=X1/X2
error: 'X1' undefined near line 1, column 7
>> Task1=X/X2
Task1 =

   0.454545   1.409091   0.090909   0.363636   4.363636

>> Task2=Task1+X
Task2 =

    10.4545    32.4091     2.0909     8.3636   100.3636

>> Task3 = Task2 + X2
Task3 =

    32.455    54.409    24.091    30.364   122.364

>> Task4=X.^3
Task4 =

     1000    29791        8      512   884736

>> A=[2 4 7 4;4 1 6 2;8 3 6 7;6 3 5 7]
A =

   2   4   7   4
   4   1   6   2
   8   3   6   7
   6   3   5   7

>> B=[2;0;3;1]
B =

   2
   0
   3
   1

>> Y=[2;1;4;1]
Y =

   2
   1
   4
   1

>> A_SQUARED=A.^2
A_SQUARED =

    4   16   49   16
   16    1   36    4
   64    9   36   49
   36    9   25   49

>> X_TASK3=B./A_SQUARED
X_TASK3 =

   0.5000   0.1250   0.0408   0.1250
        0        0        0        0
   0.0469   0.3333   0.0833   0.0612
   0.0278   0.1111   0.0400   0.0204

>> A_CUBE=A.^3
A_CUBE =

     8    64   343    64
    64     1   216     8
   512    27   216   343
   216    27   125   343

>> A_TRANSPOSED=A.'
A_TRANSPOSED =

   2   4   8   6
   4   1   3   3
   7   6   6   5
   4   2   7   7

>> find_X=A_CUBE.*A_TRANSPOSED.*A_SQUARED
find_X =

       64     4096   134456     6144
     4096        1    23328       96
   229376     1458    46656    84035
    31104      486    21875   117649

>> X1_TASK3=B./find_X
X1_TASK3 =

   0.031250   0.000488   0.000015   0.000326
          0          0          0          0
   0.000013   0.002058   0.000064   0.000036
   0.000032   0.002058   0.000046   0.000008

>> Y_TRANSPOSED=Y.'
Y_TRANSPOSED =

   2   1   4   1

>> z=Y_TRANSPOSED.*A_SQUARED.*A_TRANSPOSED.*A_SQUARED.*Y
z =

      128     2048   153664     3072
     2048        1    15552       48
   229376     1944   124416    48020
    10368      162    17500    16807

>> MATRIX=A-A_SQUARED
MATRIX =

   -2  -12  -42  -12
  -12    0  -30   -2
  -56   -6  -30  -42
  -30   -6  -20  -42

>> MATRIX1=MATRIX.^2
MATRIX1 =

      4    144   1764    144
    144      0    900      4
   3136     36    900   1764
    900     36    400   1764

>> MATRIX2=A_CUBE.*3
MATRIX2 =

     24    192   1029    192
    192      3    648     24
   1536     81    648   1029
    648     81    375   1029

>> MATRIX2_1=MATRIX2-A_SQUARED
MATRIX2_1 =

     20    176    980    176
    176      2    612     20
   1472     72    612    980
    612     72    350    980

>> MATRIX3=A.^4
MATRIX3 =

     16    256   2401    256
    256      1   1296     16
   4096     81   1296   2401
   1296     81    625   2401

>> MATRIX3_1=MATRIX3-A_SQUARED
MATRIX3_1 =

     12    240   2352    240
    240      0   1260     12
   4032     72   1260   2352
   1260     72    600   2352

>> LMATRIX=MATRIX3_1.^2
LMATRIX =

   1.4400e+02   5.7600e+04   5.5319e+06   5.7600e+04
   5.7600e+04            0   1.5876e+06   1.4400e+02
   1.6257e+07   5.1840e+03   1.5876e+06   5.5319e+06
   1.5876e+06   5.1840e+03   3.6000e+05   5.5319e+06

>> diary off
